signal_name, length, matches, checks, pc_accuracy, psas, psan, pnas, pnan
672-122797-0000,65120,55,63,87.3015873015873,40,2,6,15
1995-1837-0023,271440,231,264,87.5,195,1,32,36
260-123288-0024,233520,183,227,80.61674008810573,149,2,42,34
5683-32879-0013,183920,136,179,75.97765363128491,104,4,39,32
6829-68771-0018,135120,105,131,80.1526717557252,86,6,20,19
6930-75918-0018,172960,90,168,53.57142857142857,67,3,75,23
1284-1180-0028,96720,75,94,79.7872340425532,64,1,18,11
237-134493-0010,46000,37,44,84.0909090909091,29,2,5,8
7176-92135-0033,35680,29,34,85.29411764705883,26,2,3,3
2961-960-0002,245600,155,239,64.85355648535564,115,3,81,40
8455-210777-0022,261760,216,255,84.70588235294117,160,3,36,56
4077-13751-0000,152960,124,149,83.22147651006712,108,4,21,16
5639-40744-0002,142560,107,139,76.97841726618705,78,2,30,29
4970-29093-0019,119520,72,116,62.06896551724138,45,1,43,27
1284-1181-0005,61680,57,60,95.0,47,0,3,10
5683-32866-0007,65920,57,64,89.0625,45,2,5,12
5683-32866-0017,73360,56,71,78.87323943661971,43,2,13,13
3575-170457-0009,107680,92,105,87.61904761904762,74,2,11,18
5142-33396-0015,68960,47,67,70.1492537313433,39,2,18,8
1320-122617-0037,114880,98,112,87.5,88,3,11,10
2094-142345-0055,42480,37,41,90.2439024390244,28,1,3,9
3575-170457-0029,96880,79,94,84.04255319148936,67,6,9,12
2094-142345-0054,90880,82,88,93.18181818181817,52,1,5,30
672-122797-0051,74640,55,72,76.38888888888889,39,0,17,16
2300-131720-0026,281520,236,274,86.13138686131386,197,6,32,39
4507-16021-0034,180320,122,175,69.71428571428572,90,5,48,32
7127-75946-0025,63360,48,61,78.68852459016394,29,3,10,19
8555-284447-0007,101840,83,99,83.83838383838383,66,2,14,17
4077-13754-0016,190320,141,185,76.21621621621621,102,4,40,39
5105-28240-0004,96240,76,93,81.72043010752688,60,3,14,16
4507-16021-0049,94560,70,92,76.08695652173914,56,2,20,14
6829-68769-0024,79120,67,77,87.01298701298701,56,1,9,11
7176-92135-0005,87520,77,85,90.58823529411765,64,1,7,13
8463-294825-0004,58880,41,57,71.9298245614035,34,2,14,7
260-123440-0007,54160,44,52,84.61538461538461,36,2,6,8
4446-2273-0035,98400,57,96,59.375,36,3,36,21
908-31957-0025,328960,247,320,77.1875,131,21,52,116
1284-1180-0019,240400,199,234,85.04273504273505,176,3,32,23
2830-3980-0024,62960,47,61,77.04918032786885,34,1,13,13
7176-92135-0024,65600,58,64,90.625,49,2,4,9
61-70968-0022,74720,56,72,77.77777777777779,49,2,14,7
4992-23283-0008,78560,57,76,75.0,41,1,18,16
672-122797-0016,147440,124,143,86.7132867132867,87,4,15,37
237-134493-0015,104800,86,102,84.31372549019608,75,3,13,11
1089-134686-0003,42880,39,41,95.1219512195122,28,0,2,11
908-31957-0023,136240,104,132,78.78787878787878,63,6,22,41
121-123852-0004,260640,187,254,73.62204724409449,121,7,60,66
237-126133-0020,35840,25,34,73.52941176470588,18,1,8,7
1320-122617-0031,100560,88,98,89.79591836734694,73,1,9,15
4446-2275-0021,80800,56,78,71.7948717948718,29,3,19,27
1284-1180-0004,68560,56,66,84.84848484848484,48,0,10,8
7021-79730-0006,181440,154,177,87.00564971751412,121,7,16,33
1089-134691-0015,54320,43,52,82.6923076923077,17,2,7,26
672-122797-0065,48480,38,47,80.85106382978722,24,1,8,14
2961-960-0005,165680,117,161,72.67080745341616,78,1,43,39
7176-88083-0007,228800,195,223,87.4439461883408,169,5,23,26
7176-92135-0004,38800,32,37,86.48648648648648,26,2,3,6
5683-32866-0023,43920,29,42,69.04761904761905,21,3,10,8
7021-79740-0009,58160,51,56,91.07142857142857,43,0,5,8
7729-102255-0030,116000,92,113,81.41592920353983,69,1,20,23
908-157963-0006,129760,110,126,87.3015873015873,81,0,16,29
260-123288-0020,46400,37,45,82.22222222222221,27,1,7,10
2830-3980-0060,42800,36,41,87.8048780487805,30,2,3,6
1221-135767-0005,93840,68,91,74.72527472527473,44,1,22,24
1221-135767-0006,328960,225,320,70.3125,178,8,87,47
2830-3979-0001,258000,201,251,80.0796812749004,155,5,45,46
7176-92135-0036,103520,95,100,95.0,84,0,5,11
7021-85628-0026,43840,34,42,80.95238095238095,25,1,7,9
5142-33396-0029,34160,27,33,81.81818181818183,22,1,5,5
8230-279154-0039,73440,60,71,84.50704225352112,46,0,11,14
4446-2271-0008,87920,77,85,90.58823529411765,68,0,8,9
1089-134686-0034,92960,68,90,75.55555555555556,46,3,19,22
6930-75918-0017,98560,48,96,50.0,34,2,46,14
7729-102255-0043,176560,151,172,87.79069767441861,125,4,17,26
5683-32866-0022,51040,31,49,63.26530612244898,18,1,17,13
7127-75947-0021,63920,45,62,72.58064516129032,29,2,15,16
1089-134686-0011,199120,155,194,79.89690721649485,127,4,35,28
1089-134691-0012,240480,187,234,79.91452991452992,142,4,43,45
7021-79759-0005,208320,161,203,79.3103448275862,130,10,32,31
1580-141084-0006,34160,28,33,84.84848484848484,21,0,5,7
1580-141084-0021,64160,30,62,48.38709677419355,18,2,30,12
6930-76324-0008,82960,46,80,57.49999999999999,37,0,34,9
2830-3980-0073,264960,210,258,81.3953488372093,170,15,33,40
6829-68769-0009,67520,59,65,90.76923076923077,47,0,6,12
8463-294828-0019,72480,53,70,75.71428571428571,43,0,17,10
1221-135766-0002,77200,51,75,68.0,33,6,18,18
7127-75947-0014,161840,128,157,81.52866242038218,99,3,26,29
237-134500-0033,101600,80,99,80.8080808080808,50,4,15,30
5683-32879-0016,162960,114,158,72.15189873417721,86,7,37,28
8455-210777-0042,76480,65,74,87.83783783783784,50,1,8,15
2961-960-0015,125280,85,122,69.67213114754098,60,2,35,25
5683-32866-0030,77520,59,75,78.66666666666666,41,2,14,18
6930-75918-0019,186320,94,181,51.93370165745856,79,6,81,15
7021-79740-0000,178000,142,173,82.08092485549133,116,4,27,26
8455-210777-0054,40320,34,39,87.17948717948718,20,1,4,14
2094-142345-0000,361120,316,352,89.77272727272727,248,12,24,68
5105-28233-0007,418240,302,408,74.01960784313727,221,8,98,81
2300-131720-0010,173120,151,168,89.88095238095238,124,3,14,27
8555-284447-0006,207280,163,202,80.6930693069307,131,3,36,32
1320-122617-0038,35840,30,34,88.23529411764706,23,0,4,7
121-127105-0021,32000,24,31,77.41935483870968,20,2,5,4
8463-294825-0013,282240,203,275,73.81818181818181,167,6,66,36
6930-75918-0003,373040,226,363,62.25895316804407,179,10,127,47
3570-5695-0013,74240,64,72,88.88888888888889,55,0,8,9
5142-36586-0001,35440,27,34,79.41176470588235,21,0,7,6
2094-142345-0021,85360,73,83,87.95180722891565,56,4,6,17
7176-92135-0044,82800,68,80,85.0,61,1,11,7
5639-40744-0028,196000,108,191,56.54450261780105,63,9,74,45
8230-279154-0000,140880,114,137,83.21167883211679,97,2,21,17
4992-41806-0003,147840,111,144,77.08333333333334,89,2,31,22
8463-294828-0025,31840,24,31,77.41935483870968,18,1,6,6
6829-68771-0014,76320,57,74,77.02702702702703,43,1,16,14
7021-85628-0004,44880,34,43,79.06976744186046,20,0,9,14
2300-131720-0039,38160,29,37,78.37837837837837,16,1,7,13
237-134500-0017,34880,29,34,85.29411764705883,25,1,4,4
5142-36377-0006,74160,64,72,88.88888888888889,56,0,8,8
8230-279154-0037,328560,254,320,79.375,205,6,60,49
4992-23283-0017,229040,159,223,71.30044843049326,128,4,60,31
4507-16021-0025,147440,110,143,76.92307692307693,67,2,31,43
2300-131720-0004,318560,283,310,91.29032258064517,243,7,20,40
237-134500-0016,50560,43,49,87.75510204081633,30,2,4,13
2830-3980-0069,88880,74,86,86.04651162790698,62,3,9,12
5142-33396-0050,46160,31,45,68.88888888888889,25,1,13,6
4507-16021-0004,34160,25,33,75.75757575757575,15,1,7,10
8463-294828-0003,149440,111,145,76.55172413793103,85,0,34,26
4970-29093-0021,38800,28,37,75.67567567567568,16,0,9,12
7127-75947-0010,141840,106,138,76.81159420289855,87,4,28,19
4077-13751-0020,164720,130,160,81.25,109,4,26,21
1995-1837-0008,31280,29,30,96.66666666666667,24,0,1,5
8463-294828-0017,148800,100,145,68.96551724137932,77,2,43,23
4507-16021-0014,97840,76,95,80.0,37,2,17,39
8455-210777-0047,40640,30,39,76.92307692307693,20,3,6,10
2094-142345-0032,51840,48,50,96.0,40,1,1,8
7021-85628-0015,184720,149,180,82.77777777777777,112,2,29,37
6829-68769-0003,67440,51,65,78.46153846153847,45,1,13,6
260-123440-0000,34640,28,33,84.84848484848484,21,1,4,7
8555-284447-0017,185920,142,181,78.45303867403315,120,4,35,22
7176-92135-0028,53520,46,52,88.46153846153845,41,1,5,5
4970-29095-0031,240800,185,234,79.05982905982906,138,3,46,47
7021-85628-0009,136640,108,133,81.203007518797,89,2,23,19
8463-294828-0012,78480,59,76,77.63157894736842,42,1,16,17
237-134500-0003,50720,43,49,87.75510204081633,35,1,5,8
8463-294828-0029,84560,58,82,70.73170731707317,42,5,19,16
2830-3980-0062,87040,68,84,80.95238095238095,52,8,8,16
260-123286-0022,51760,37,50,74.0,26,0,13,11
7021-79740-0013,117840,96,114,84.21052631578947,78,3,15,18
5105-28233-0002,132560,94,129,72.86821705426357,73,2,33,21
8224-274384-0002,157040,130,153,84.9673202614379,106,3,20,24
4970-29093-0011,183200,123,178,69.10112359550563,79,3,52,44
1995-1837-0014,199360,171,194,88.14432989690721,145,3,20,26
8230-279154-0032,62080,45,60,75.0,34,1,14,11
61-70970-0000,97200,75,94,79.7872340425532,67,2,17,8
260-123288-0014,28880,24,28,85.71428571428571,16,1,3,8
1188-133604-0034,334480,286,326,87.73006134969326,203,4,36,83
4446-2275-0038,72480,59,70,84.28571428571429,46,1,10,13
8463-287645-0011,102080,72,99,72.72727272727273,58,4,23,14
5105-28233-0003,236960,166,231,71.86147186147186,135,5,60,31
672-122797-0047,53200,42,51,82.35294117647058,34,3,6,8
8555-292519-0002,28960,24,28,85.71428571428571,9,1,3,15
1089-134686-0032,65440,55,63,87.3015873015873,38,1,7,17
8230-279154-0022,103040,78,100,78.0,60,0,22,18
2300-131720-0022,218640,190,213,89.2018779342723,163,7,16,27
6829-68771-0023,86800,73,84,86.90476190476191,52,1,10,21
5142-36586-0000,58400,46,56,82.14285714285714,34,0,10,12
1284-1180-0001,124080,110,121,90.9090909090909,93,0,11,17
4446-2273-0036,49920,25,48,52.083333333333336,12,0,23,13
4507-16021-0007,42080,33,41,80.48780487804879,22,0,8,11
4970-29095-0038,139840,90,136,66.17647058823529,67,5,41,23
7176-88083-0005,75200,66,73,90.41095890410958,56,1,6,10
1580-141083-0043,43840,31,42,73.80952380952381,21,2,9,10
3575-170457-0018,46720,35,45,77.77777777777779,14,3,7,21
1580-141083-0024,71680,57,69,82.6086956521739,36,0,12,21
1580-141083-0007,73040,40,71,56.33802816901409,30,3,28,10
1089-134686-0036,52000,29,50,57.99999999999999,20,1,20,9
3729-6852-0022,133040,90,129,69.76744186046511,64,4,35,26
2300-131720-0034,137680,114,134,85.07462686567165,98,2,18,16
4077-13751-0004,266880,218,260,83.84615384615385,179,6,36,39
8455-210777-0016,259840,229,253,90.51383399209486,174,1,23,55
2830-3979-0010,53760,45,52,86.53846153846155,30,1,6,15
6829-68769-0002,49200,42,48,87.5,34,1,5,8
4992-23283-0002,49920,35,48,72.91666666666666,22,1,12,13
1284-1180-0011,68400,63,66,95.45454545454545,51,1,2,12
5105-28240-0023,281120,221,274,80.65693430656934,175,8,45,46
7176-88083-0020,86640,70,84,83.33333333333334,61,0,14,9
7729-102255-0021,126880,101,123,82.11382113821138,80,2,20,21
5639-40744-0012,137520,93,134,69.40298507462687,70,0,41,23
6930-75918-0008,76560,45,74,60.810810810810814,26,3,26,19
8463-294825-0009,320080,235,312,75.32051282051282,192,4,73,43
7127-75946-0026,322400,216,314,68.78980891719745,168,7,91,48
8463-294828-0018,47120,39,45,86.66666666666667,20,1,5,19
1320-122617-0029,126000,112,122,91.80327868852459,97,2,8,15
1580-141083-0005,43920,27,42,64.28571428571429,15,0,15,12
237-126133-0019,113920,58,111,52.25225225225225,42,7,46,16
4970-29095-0013,31680,22,30,73.33333333333333,7,2,6,15
7176-88083-0017,58560,53,57,92.98245614035088,48,0,4,5
5105-28240-0017,90640,69,88,78.4090909090909,53,2,17,16
4446-2275-0041,76080,53,74,71.62162162162163,39,2,19,14
121-123852-0002,276560,224,269,83.27137546468401,147,4,41,77
237-134500-0031,169760,141,165,85.45454545454545,116,2,22,25
1188-133604-0018,184800,151,180,83.88888888888889,125,4,25,26
3575-170457-0021,66880,52,65,80.0,40,1,12,12
5639-40744-0040,200160,139,195,71.28205128205128,108,4,52,31
8555-284449-0019,121760,93,118,78.8135593220339,73,1,24,20
672-122797-0004,164000,137,160,85.625,97,7,16,40
6829-68771-0002,143040,114,139,82.01438848920863,97,1,24,17
4077-13754-0007,223200,164,217,75.57603686635944,134,7,46,30
2094-142345-0026,45200,40,44,90.9090909090909,30,1,3,10
8463-294825-0006,178160,129,173,74.56647398843931,108,2,42,21
121-127105-0009,36640,28,35,80.0,24,0,7,4
5639-40744-0025,140560,91,137,66.42335766423358,60,4,42,31
6930-76324-0005,80560,53,78,67.94871794871796,40,1,24,13
5683-32879-0023,79600,60,77,77.92207792207793,45,0,17,15
1089-134686-0006,168880,132,164,80.48780487804879,102,3,29,30
7127-75946-0013,137280,99,133,74.43609022556392,69,4,30,30
4446-2273-0030,46160,35,45,77.77777777777779,27,5,5,8
4507-16021-0015,61760,45,60,75.0,32,4,11,13
3570-5694-0013,89760,71,87,81.60919540229885,60,0,16,11
2094-142345-0018,50480,43,49,87.75510204081633,33,0,6,10
4970-29093-0023,129120,78,125,62.4,51,1,46,27
5142-36377-0021,301920,188,294,63.94557823129252,163,3,103,25
6829-68771-0006,94720,78,92,84.78260869565217,66,1,13,12
7127-75947-0032,75920,57,74,77.02702702702703,19,1,16,38
672-122797-0054,68000,50,66,75.75757575757575,29,2,14,21
7021-79740-0012,52160,42,50,84.0,27,0,8,15
1995-1837-0001,139680,114,136,83.82352941176471,96,2,20,18
1284-1181-0021,43200,30,42,71.42857142857143,22,0,12,8
1580-141084-0050,44480,28,43,65.11627906976744,20,1,14,8
61-70968-0031,46800,32,45,71.11111111111111,26,1,12,6
3729-6852-0011,117920,70,115,60.86956521739131,51,2,43,19
260-123286-0014,47680,39,46,84.78260869565217,27,2,5,12
1089-134686-0004,83440,68,81,83.9506172839506,47,4,9,21
5142-33396-0011,56320,32,54,59.25925925925925,25,0,22,7
4970-29095-0009,89600,61,87,70.11494252873564,42,5,21,19
1188-133604-0020,164160,139,160,86.875,98,6,15,41
2830-3980-0076,76960,62,75,82.66666666666667,52,6,7,10
2961-960-0013,169200,119,165,72.12121212121212,88,6,40,31
7127-75946-0023,59920,46,58,79.3103448275862,31,2,10,15
5683-32879-0014,134480,94,131,71.7557251908397,75,6,31,19
237-134493-0002,182320,146,177,82.48587570621469,113,7,24,33
5105-28241-0015,466240,337,454,74.22907488986785,249,11,106,88
5142-36377-0020,72480,45,70,64.28571428571429,41,1,24,4
61-70968-0018,38480,25,37,67.56756756756756,19,5,7,6
8230-279154-0034,232160,179,226,79.20353982300885,139,4,43,40
7021-79730-0002,43040,37,41,90.2439024390244,19,1,3,18
5142-33396-0046,59920,45,58,77.58620689655173,40,1,12,5
908-31957-0024,120640,95,117,81.19658119658119,57,7,15,38
121-121726-0005,49600,39,48,81.25,11,3,6,28
61-70968-0003,69040,56,67,83.5820895522388,43,3,8,13
1995-1837-0026,129520,114,126,90.47619047619048,97,4,8,17
8224-274381-0007,161360,132,157,84.07643312101911,101,2,23,31
4507-16021-0056,101520,78,99,78.78787878787878,46,2,19,32
4970-29093-0007,111920,84,109,77.06422018348624,52,4,21,32
4992-41806-0008,189120,153,184,83.15217391304348,118,4,27,35
908-157963-0029,58080,50,56,89.28571428571429,37,2,4,13
237-134500-0026,48800,44,47,93.61702127659575,31,1,2,13
2830-3980-0070,59680,48,58,82.75862068965517,27,5,5,21
2094-142345-0013,228000,201,222,90.54054054054053,160,5,16,41
6930-81414-0009,192240,124,187,66.31016042780749,91,5,58,33
6829-68769-0023,78240,68,76,89.47368421052632,54,0,8,14
672-122797-0015,71280,60,69,86.95652173913044,52,1,8,8
3729-6852-0015,41760,26,40,65.0,10,2,12,16
260-123286-0008,59760,42,58,72.41379310344827,32,1,15,10
1284-1181-0002,61360,52,59,88.13559322033898,43,2,5,9
237-134493-0012,58560,50,57,87.71929824561403,40,1,6,10
61-70968-0032,68480,54,66,81.81818181818183,40,1,11,14
5683-32865-0016,48960,42,47,89.36170212765957,32,1,4,10
8224-274381-0013,217760,180,212,84.90566037735849,142,5,27,38
1995-1836-0000,143280,118,139,84.89208633093526,106,3,18,12
5142-33396-0047,40560,30,39,76.92307692307693,24,0,9,6
7729-102255-0045,108880,85,106,80.18867924528303,64,2,19,21
3575-170457-0010,76640,63,74,85.13513513513513,53,2,9,10
7729-102255-0017,241760,178,235,75.74468085106383,143,3,54,35
1284-1181-0000,63440,50,61,81.9672131147541,42,3,8,8
3570-5695-0006,119520,96,116,82.75862068965517,84,0,20,12
2830-3980-0053,80240,68,78,87.17948717948718,52,7,3,16
4446-2275-0006,56640,44,55,80.0,40,2,9,4
8463-287645-0009,59360,52,57,91.22807017543859,46,0,5,6
5142-33396-0016,34640,19,33,57.57575757575758,15,2,12,4
7176-92135-0014,256320,217,250,86.8,190,4,29,27
8224-274381-0011,103680,79,101,78.21782178217822,59,3,19,20
7127-75947-0026,104880,81,102,79.41176470588235,59,3,18,22
260-123286-0007,72800,59,71,83.09859154929578,48,2,10,11
8224-274381-0000,283840,227,276,82.2463768115942,177,9,40,50
2830-3980-0022,52320,40,51,78.43137254901961,31,5,6,9
6829-68771-0000,213040,167,207,80.67632850241546,143,4,36,24
1320-122612-0011,219120,189,213,88.73239436619718,161,1,23,28
672-122797-0011,40640,30,39,76.92307692307693,28,2,7,2
7021-85628-0007,266800,218,260,83.84615384615385,169,6,36,49
260-123286-0025,147280,113,143,79.02097902097903,87,3,27,26
8455-210777-0010,49600,38,48,79.16666666666666,24,0,10,14
4992-41797-0006,72800,57,71,80.28169014084507,48,2,12,9
8555-292519-0005,153200,124,149,83.22147651006712,99,4,21,25
1221-135766-0004,119040,81,116,69.82758620689656,62,4,31,19
5639-40744-0021,175680,104,171,60.81871345029239,80,7,60,24
8463-287645-0014,48320,38,47,80.85106382978722,30,2,7,8
3570-5695-0008,109520,74,106,69.81132075471697,63,2,30,11
5639-40744-0016,151840,96,148,64.86486486486487,72,2,50,24
8463-294828-0028,126640,88,123,71.54471544715447,70,2,33,18
7729-102255-0023,88000,71,85,83.52941176470588,63,1,13,8
5683-32865-0006,53600,36,52,69.23076923076923,22,2,14,14
6829-68771-0035,70240,59,68,86.76470588235294,52,0,9,7
6829-68769-0028,52640,40,51,78.43137254901961,31,0,11,9
237-134493-0003,204240,169,199,84.92462311557789,149,3,27,20
1284-1181-0019,51200,47,49,95.91836734693877,42,0,2,5
8463-287645-0000,75680,59,73,80.82191780821918,51,0,14,8
2961-961-0021,79040,54,77,70.12987012987013,36,3,20,18
7021-79730-0001,183840,149,179,83.24022346368714,121,1,29,28
2094-142345-0023,82880,71,80,88.75,57,2,7,14
1221-135766-0005,266320,168,259,64.86486486486487,134,6,85,34
1188-133604-0039,106000,78,103,75.72815533980582,56,4,21,22
7176-92135-0016,120720,102,117,87.17948717948718,87,1,14,15
7176-92135-0017,114720,100,111,90.09009009009009,87,0,11,13
7176-88083-0014,74720,57,72,79.16666666666666,47,2,13,10
5683-32865-0013,113520,76,110,69.0909090909091,47,11,23,29
121-121726-0007,107680,77,105,73.33333333333333,48,3,25,29
908-31957-0004,236080,193,230,83.91304347826087,143,5,32,50
1221-135766-0012,259520,167,253,66.00790513833992,124,8,78,43
7127-75947-0036,39040,26,38,68.42105263157895,16,3,9,10
2094-142345-0003,234800,206,229,89.95633187772926,143,13,10,63
1188-133604-0028,304080,240,296,81.08108108108108,159,12,44,81
1995-1837-0015,71760,56,70,80.0,52,0,14,4
6930-81414-0018,46880,34,45,75.55555555555556,22,1,10,12
1284-1181-0010,102960,85,100,85.0,73,3,12,12
4992-23283-0003,74320,55,72,76.38888888888889,41,1,16,14
2300-131720-0041,60000,49,58,84.48275862068965,40,3,6,9
4992-41806-0007,182640,150,178,84.26966292134831,118,3,25,32
7127-75947-0019,62000,47,60,78.33333333333333,25,5,8,22
1320-122617-0015,82000,73,80,91.25,56,2,5,17
7127-75946-0016,179360,130,174,74.71264367816092,93,6,38,37
5105-28241-0004,278640,195,271,71.95571955719558,149,7,69,46
6829-68769-0007,61840,51,60,85.0,41,0,9,10
5683-32866-0001,55520,44,54,81.48148148148148,33,2,8,11
2094-142345-0051,84960,74,82,90.2439024390244,53,4,4,21
1580-141083-0014,45680,40,44,90.9090909090909,24,0,4,16
908-157963-0015,231440,189,225,84.0,137,6,30,52
4970-29095-0024,96640,67,94,71.27659574468085,51,1,26,16
1284-1181-0020,107680,92,105,87.61904761904762,71,0,13,21
1221-135767-0009,213440,153,208,73.5576923076923,114,8,47,39
3729-6852-0024,88240,59,86,68.6046511627907,45,5,22,14
7127-75947-0029,84560,63,82,76.82926829268293,46,1,18,17
3729-6852-0007,199840,134,194,69.0721649484536,88,1,59,46
1320-122617-0030,63680,54,62,87.09677419354838,36,2,6,18
4507-16021-0046,73440,57,71,80.28169014084507,46,0,14,11
4507-16021-0054,69040,50,67,74.6268656716418,37,3,14,13
121-121726-0013,39840,32,38,84.21052631578947,17,0,6,15
2830-3979-0011,151200,117,147,79.59183673469387,75,7,23,42
908-31957-0012,121840,103,118,87.28813559322035,72,2,13,31
8455-210777-0009,73280,64,71,90.14084507042254,40,4,3,24
3575-170457-0001,47840,40,46,86.95652173913044,31,0,6,9
2961-961-0020,98000,62,95,65.26315789473685,45,1,32,17
7176-92135-0042,116320,103,113,91.1504424778761,92,0,10,11
1089-134691-0022,90160,70,87,80.45977011494253,57,3,14,13
4507-16021-0010,242640,176,236,74.57627118644068,136,5,55,40
260-123288-0021,43360,35,42,83.33333333333334,24,1,6,11
4507-16021-0040,62800,44,61,72.1311475409836,28,2,15,16
672-122797-0048,104880,88,102,86.27450980392157,47,3,11,41
1580-141083-0018,42800,29,41,70.73170731707317,17,3,9,12
260-123440-0013,55600,48,54,88.88888888888889,41,0,6,7
1284-1180-0026,132640,106,129,82.17054263565892,95,4,19,11
4507-16021-0019,46880,36,45,80.0,23,1,8,13
6930-81414-0021,51600,40,50,80.0,25,2,8,15
260-123286-0030,120480,91,117,77.77777777777779,72,4,22,19
7176-92135-0008,70880,57,69,82.6086956521739,50,1,11,7
8455-210777-0063,36160,30,35,85.71428571428571,18,4,1,12
1580-141084-0010,71520,40,69,57.971014492753625,18,1,28,22
8455-210777-0034,123200,106,120,88.33333333333333,77,3,11,29
2094-142345-0056,61440,54,59,91.52542372881356,43,0,5,11
672-122797-0036,85840,69,83,83.13253012048193,48,1,13,21
4970-29093-0003,245680,166,239,69.4560669456067,109,4,69,57
672-122797-0074,139680,100,136,73.52941176470588,38,15,21,62
7176-92135-0030,35760,32,34,94.11764705882352,21,0,2,11
908-31957-0008,160080,133,156,85.25641025641025,90,5,18,43
908-157963-0017,79200,67,77,87.01298701298701,50,2,8,17
4446-2273-0029,52800,28,51,54.90196078431373,17,2,21,11
3729-6852-0035,330400,210,322,65.21739130434783,137,9,103,73
5639-40744-0020,157120,100,153,65.359477124183,64,5,48,36
61-70970-0008,34400,28,33,84.84848484848484,22,3,2,6
5142-33396-0034,105840,74,103,71.84466019417476,53,2,27,21
121-121726-0014,50640,41,49,83.6734693877551,20,3,5,21
8230-279154-0023,100240,78,97,80.41237113402062,64,0,19,14
237-134500-0040,64480,55,62,88.70967741935483,42,1,6,13
3570-5695-0015,127200,112,124,90.32258064516128,97,1,11,15
7729-102255-0037,176320,142,172,82.55813953488372,119,3,27,23
1320-122617-0002,217360,181,212,85.37735849056604,155,4,27,26
5142-36377-0013,105360,68,102,66.66666666666666,62,2,32,6
3729-6852-0017,287840,206,280,73.57142857142858,156,6,68,50
8230-279154-0019,290320,233,283,82.3321554770318,195,3,47,38
8230-279154-0010,243040,183,237,77.21518987341773,153,4,50,30
4446-2275-0029,100480,74,98,75.51020408163265,52,2,22,22
908-157963-0010,100480,72,98,73.46938775510205,48,5,21,24
2094-142345-0001,128480,116,125,92.80000000000001,80,2,7,36
4446-2275-0012,96400,67,94,71.27659574468085,46,3,24,21
260-123286-0005,76960,60,75,80.0,44,1,14,16
5105-28240-0018,46160,42,45,93.33333333333333,32,1,2,10
